292.9657763475
181.9944070546
570.071104612
302.3770699415
233.3314732491
201.6719154047
367.6016714074
431.8718559446
621.8677924433
662.3132426223
160.1033442701
264.1639456742
406.8781298146
511.2101092058
410.2385903203
465.1387905191
420.5042827352
434.1647533753
313.3296413335
373.7052899875
494.319771394
497.5098223006
225.0529324783
205.629239655
412.685392763
419.9881712391
576.2614386953
339.9044529952
549.0115522973
168.2427705174
160.4845955703
315.9806677591
306.3578047089
397.4212160113
181
345.0008577489
699.2700706754
592.2847008368
248.2444577556
361.9037688237
424.9925260807
368.7724231336
621.2630275992
575.0440310804
421.8777126751
618.9281336085
347.2570044155
604.09925958
314.5564962227
816.3883608272
290.7079955826
681.1759003261
239.2715430717
401.1160651045
500.3124967095
226.2129671367
283.2492410075
170.139869622
176.6001710692
263.8095791454
542.5117923667
250.4242819905
398.2815351234
642.2567820851
390.795054789
453.0338818441
-220.7878843809
527.3736852298
205.787759834
514.9342493477
422.8871286247
606.0959940599
556.1055335362
369.0020559348
434.0087069303
340.7181782894
507.1712051396
258.5424750208
182.6949945943
654.5250166275
365.5654447732
246.0483041379
272.3370125801
378.2415058029
328.8980212333
374.2332366081
309.0935361181
582.5647031077
316.2706860523
491.2870552785
328.6029124819
419.4169475094
708.4365290546
521.8692846651
515.9088015294
505.2577615668
463.5371048587
213.893017827
385.3462273388
584.2074812836
550.2245964552
547.9045138911
291.5253024946
458.2079141527
287.0828483078
319.6752420932
664.6804367557
269.6576249794
180.1460110752
407.4781658917
344.7732618348
344.3187508059
356.7475377123
439.2276872749
605.3424513653
336.903856
452.7083998968
572.4293965299
591.2975268928
570.1317760395
482.98244387
410.998203713
208.1062222265
212.169690459
613.6061914034
156.8079398192
189.7014746054
303.4053542935
213.4928037867
563.3234232515
368.0247088881
464.8755099052
342.3384183804
385.5386151475
260.1393586579
195.3379775588
426.840821205
286.8047351334
401.714205227
213.2449894081
-74
293.3872469504
174.3008451252
216.1671386317
176.6814822472
310.102364293
149.0229543827
364.3732747786
209.2913060194
488.4933365763
378.809274981
477.6713016911
350.8779465205
706.8400632392
306.3396088728
257.3514865054
586.0624268979
345.2452973701
506.9292499897
419.2657190223
180.2534734226
142.0352378099
719.4536722833
72.3510852316
334.2365003501
466.6696470788
371.1680530919
335.9955405663
252.4032044076
333.3280568653
239.9105596593
304.4442160469
293.6723372604
177.2108734503
518.187031021
622.3508485113
326.7321532307
515.3707334233
305.652504437
258.911748018
363.6504821058
328.7707555305
392.4958629532
426.8862442611
483.0130769796
486.537832505
700.4984065125
142.1100408248
646.6608832395
542.2040594509
296.2919327338
198.6300763087
558.7341886826
459.6878073925
534.9571767761
280.8453579816
285.3760336786
211.8341391898
683.0015034256
260.5568361125
358.8312507641
257.2091849418
174.5752480116
308.3216711177
465.4797196221
291.697695744
250.1555871698
340.415763828
221.6565496265
144.5078878829
178.7166263261
189.9960880789
256.0763030291
293.9120621557
685.5675289701
444.7307726834
576.847197346
443.0481102899
405.1439541837
356.8314166407
359.2837470108
362.5771241757
309.157851277
186.0991436244
399.3474666157
719.7796673513
207.6087314818
584.7218229273
146.5413517963
329.7821751146
337.1873895633
312.617923962
280.1276176631
515.4535961897
396.6083252042
475.14967364
255.9425343338
520.6312831847
198.2670360351
561.578962603
143.57807289
347.6830427561
175.4407708505
681.6223141858
304.4730935923
217.0327963898
329.7652804301
465.9015360198
288.9807452832
340.8305725944
310.7254531149
247.7770639284
661.2832583552
345.0363985813
510.7153983791
319.6296795586
390.5293875409
170.4533713312
259.0453097753
520.3612187076
247.5555672224
404.4639772373
300.6059279481
201.6634533965
294.7116411222
288.5602772
583.3678856653
174.7416968309
530.3216527996
264.8138652472
361.5846798675
332.668571275
176.9403441309
171.2761472462
313.2747871716
336.3114701922
212.7235608558
95.2208871036
216.4602882924
186.0217627404
456.6715040397
211.4796199239
219.1520384779
311.4739973561
505.3906787123
371.2988188758
297.9917811096
470.2892199916
304.3040290748
227.3943124193
500.4570890237
420.5732947634
-79.7301292315
258.5669250177
464.7946275358
654.3966000385
516.0701602817
459.9045741275
467.1159164667
344.2413763526
-314
377.5213307066
233.7880451343
272.9394377134
499.7445041722
260.159198786
265.3909356011
515.9791635207
610.6286657288
448.8483842171
634.0912969609
269.5083566355
597.3316861074
469.7333496426
-242.9757267591
457.9470385449
328.5031358073
496.4225019182
363.0376351889
204.5444378743
338.45147245
458.8613678788
644.6572769138
241.2657360524
234.0860435633
365.7698338605
293.8138662457
-7.4809567526
233.2141548572
279.6180703414
212.6059667278
452.120080126
466.8375419181
414.591593527
270.758066566
371.8648688572
377.1489161422
439.3283267836
470.2187177441
355.6807698616
293.0145450925
520.6749778087
437.0187431572
629.1131821427
645.9149397162
341.9117219285
665.3388369398
477.5755532944
226.8649232531
325.0100227914
384.0681914701
637.1787543827
568.7426609276
408.7165475347
447.2628269665
328.0185382507
635.1676400495
201.6713840888
187.715329266
204.5140875723
224.1301852185
223.0052280055
272.8795305119
270.1050883855
585.992638918
500.3473513016
458.1268784707
584.9254311768
523.4440064966
729.517507858
735.7797588114
287.8070961713
484.6988305703
156.7194573111
503.3236956683
577.9535490609
356.2267575673
477.3295843537
359.3310201803
246.252832296
579.0701208411
-101
443.9445184057
404.3655450408
643.0218545578
264.7152969318
593.1324508074
629.4226424046
-95.4141878588
253.7656485532
295.7050634476
-8.6744095629
276.904611456
307.7715673096
408.4661428105
288.8722506311
242.0052926554
185.648483926
196.8649295922
388.4977451293
543.2358350117
457.07326826
203.8608655417
516.5190765996
307.7818564614
321.3728193277
314.3534478277
526.1354336078
305.822756236
205.8017525189
462.1570292911
495.4676141538
533.3065322143
399.6405964494
611.0015085365
246.4627033438
594.2857865448
458.1524023398
363.6558906676
189.4975079123
731.2000553007
358.2940936601
418.7674989756
285.7063238057
297.6089616911
454.337623217
206.5222730149
293.0848837691
431.0818642315
446.5999098485
356.6052350229
639.5851879218
198.0061574564
282.1521881171
335.575697251
398.8612335801
195.9899283948
293.6077214087
323.0370780229
717.0437232179
490.4402778949
479.6137002038
355.8146154948
318.9534175647
297.5159523593
352.5163874882
245.3884770467
190.4131705012
713.9095942957
622.0615600384
307.5745634598
548.9424703514
590.0495444147
223.4597326401
239.2071325468
261.4835651194
474.1594233873
221.9417262131
288.3092450375
386.9464341786
403.1127945038
187.7868452925
450.8524262043
479.025422968
358.8957466517
308.163724362
557.9688507054
330.6229001418
237.3810010869
552.6246004085
185.0334023369
269.5299545156
204.2615190368
448.7418852203
323.8836290649
185.4287172818
97.8005644425
214.8436163626
398.9985344653
150.6839089187
156.3022858697
297.3046679631
633.3491275537
296.12782018
307.1325525091
323.5410881654
232.293613578
447.7401341972
457.7389586543
404.5403720996
458.9044548707
571.8302775125
126.0062330182
202.5976822097
457.8830190309
176.6593585868
14.7999288773
425.066863952
204.1117295496
236.1193585608
212.9981908308
514.2484943991
315.0103736056
612.5688443729
640.5442634952
698.9981191588
654.5457911513
651.9605068043
470.4184242868
679.1067500321
758.8384451092
665.0379343846
694.321351712
733.9737733593
815.0769949887
546.4452558692
818.9229270665
909.4713511321
836.9547604396
489.9600993937
160.1461937687
660.7672532993
547.1776602186
737.3899509406
691.9697888248
805.396790015
728.5514556736
748.8119371643
673.3586720063
696.9609867112
777.8581770193
186.3554731474
363.7248768137
964.8183404885
820.2070602195
394.7875962996
428.1505849226
633.0261313901
658.4567523965
648.5757772755
861.9517856783
984.46098309
206.8490947022
733.2155223085
732.4194713394
487.8674531014
693.8626187355
983.4583395953
876.8596302935
851.2701857134
767.6762864066
973.9414283908
284.3932881328
830.2435168447
741.4492943755
732.4194973201
652.4444373642
777.5014378577
461.1806853139
949.9167900155
739.7800035368
467.7884548801
897.9448353415
236.8129588952
721.7512297715
223.47977783
47
106
505.6565105756
691.9324749995
337.5679384244
896.9436824336
758.6308056723
694.6101749774
586.246370247
415.591641187
576.308704291
880.3268018398
763.1460858449
741.8932214198
727.8871530261
811.6776651021
201.6867226213
309.7917324017
611.4539587637
886.8237414183
288.237690675
743.032700213
141.6623498655
673.6062729878
164.7475097602
715.5370414246
850.4429730911
904.2042093558
646.0391463508
798.1054278108
830.7635498607
265.0973973082
711.7425098982
270.042724061
722.4220459341
170.584322678
393.2705325548
234.0938916577
223.6229763895
619.5687385971
633.5384893384
842.358777964
722.3267004174
580.2997765038
217.4507564673
736.0553183289
946.3491321106
387.6879113769
587.4952014216
619.1140523117
229.433381714
330.0697925917
1127.027832505
310.8597342997
726.9417959658
463.9591511822
1043.5792224559
753.3039816976
798.2785106594
841.1160931501
647.1450893966
710.0034679629
725.6185318402
945.2180889242
781.5283977041
808.4207023773
246.5510222643
813.2734105028
551.8987237907
774.5762317699
880.3566380815
997.2926008161
1037.2576462452
825.8000926422
737.6075746863
656.539737242
604.9701358322
693.3953422439
763.9532630127
651.1151574296
757.5369760159
773.7581570991
641.158545223
307.3448819201
741.2795472369
675.0823591811
158.5856326378
793.0487389947
731.5257102899
848.7031003074
708.6246395092
625.7718972841
642.8218149535
747.5395577798
182.9859947066
741.8408356533
672.339214389
913.5263998377
224.0776927875
852.1755230433
585.0393042941
336.6094092953
623.6621367424
762.3068875697
191.1599302403
808.5600665704
614.5625039691
588.6674304021
701.2282006435
840.6604065895
1227.7324529129
889.4860603996
866.7421418802
677.849276765
568.8456018278
724.9693416842
611.9877278386
739.4832618453
763.3651651222
647.131619247
457.1429135464
960.9035284809
865.5544694613
775.2363554365
748.4197675237
631.640978384
885.6529861669
895.9237293823
850.621563144
627.0653690843
588.1107213131
725.4291712952
743.7858130578
702.7574554425
648.2462797612
648.8666924271
799.0937621732
493.4388376359
697.4002822654
731.0633195232
278.1619879877
686.4996243023
684.6267984236
627.0413068904
760.5671683629
749.8971011043
736.2838966793
747.571183248
770.268006264
994.2687215915
835.0849631381
632.6371446609
933.1907483004
142.4504043657
760.8416623297
706.7980762404
716.9567608835
813.1941068308
766.8992465563
708.3543369034
771.5111333219
724.8123530804
673.7312053973
859.5141758471
960.9505017146
718.0226905202
737.4753110579
685.9724446543
871.1275280273
716.3034217247
365.0603934043
929.1008263444
822.8234586251
738.3057845429
155.6406742103
715.5437374777
872.5460709181
842.8567341968
796.9710868666
756.3621796106
563.8022287354
340.6808966421
818.6237332047
760.1531515589
600.2295384948
807.5477085668
632.0844922809
850.8123937963
773.1455627802
699.192095578
636.9760122468
793.6701445203
782.9814928535
453.2372182193
372.2680338427
352.4574339764
704.9225930154
667.4646194509
118.6372498833
714.4867642693
685.9371293259
118.0529307375
234
669.2680076843
515.0270583515
779.9520050741
916.1986395429
550.9744128017
904.2585982156
260.5898678901
827.2401620566
781.3951453161
558.6309378292
143.959369033
678.8012110285
630.5238657556
284.3922332113
440.874793096
694.3972602117
652.3068484187
610.003569318
601.6368763973
673.1347579665
731.8101725844
791.6644484371
270.9754340631
279.8460614124
668.749848726
183.0419433904
627.7513745898
677.3590175949
138.2016835363
279.3668301923
671.5363393593
697.7321644093
687.9305445421
702.3533474793
521.995075965
852.8352913701
653.087273327
831.6195518536
685.6415586029
953.930734444
760.8573060373
745.5364829047
891.1385591449
269.124926429
808.1604411635
740.7050556483
794.6394050449
632.1087904438
821.4956124589
151.2158559996
-101
416.0843945163
885.9261219304
775.6774544639
633.5452715624
632.1248872257
205.2410994239
303.0028284273
971.3206855246
477.2080816097
272.5291736884
243.5155102562
634.2751129383
302.5663633027
590.2801135403
725.7420273503
641.6070010141
953.880422083
623.1270863795
282.9458356001
713.3719676636
582.8496904956
667.224350795
644.6288391502
744.5809223994
755.5904143694
347.9529499109
252.9707414606
280.6222830818
738.8138382641
650.4811206352
310.60302114
338.1424844426
194.7107586258
738.1521590312
204.90745873
588.5464220792
733.7626849572
562.3658393693
731.6109387175
663.2229567688
245.4376900408
721.9576906325
918.5769201519
-205.3826090998
788.1760541784
643.1572007521
713.6655972188
203.1204589606
524.8898362042
167.801667366
359.144842317
809.9602234941
250.190663228
787.7376343666
290.6822537128
754.7125721911
807.2852486388
669.17430524
661.1693314668
688.5908013042
742.5640461375
284.1671428106
638.4560719516
853.9237523185
727.4080708346
360.7069012828
860.3049028176
1002.3880101989
884.4922344035
821.1095097227
670.4980745578
389.7266746801
703.6363482118
655.421044995
235.2603306868
257.617421028
677.7117649924
662.0430096233
814.8930532058
609.2967558122
315.1263574397
652.6966135631
348.3186507473
632.6403101042
850.019106757
671.6713969591
682.0237756084
751.2394855562
858.3985005795
918.8289430912
724.2242767002
917.3747428212
907.4030566302
810.7232270099
697.4054956854
749.1390353377
935.6907910047
803.0231926613
346.2105466083
944.8402378223
910.1847091763
763.352199684
950.5484306323
903.4385842301
412.6122732678
126
742.4872346153
211.3687739663
295.840380826
655.3330664368
722.0764068805
338.9042515194
881.0003528733
855.3381058733
681.6522052674
743.2282952371
394.9939786096
275.9547387002
630.3072683257
929.9403688728
746.638799441
654.1551249737
829.8232670375
870.7964229174
1001.7443742333
708.7083009905
592.151806209
716.54829472
312.3519577963
667.4770831598
779.5605658094
753.2770188563
167.3049976617
577.4793901757
694.5888726366
312.8237231289
456.6636444558
556.3073888199
660.452625654
687.0983599876
278.9238000487
694.0662115729
726.5416948549
264.7960300067
497.5919006957
754.756421607
603.9435507943
874.2937807923
623.2894784806
648.745552843
125
266.8854884457
744.1949008336
599.2458973431
737.2242481721
394.7669910339
826.8566116407
732.1877734413
674.7584221962
615.631539167
632.9229475281
927.9511027617
150.8054211136
675.486508233
752.388085451
612.515875018
874.26429131
755.9675127689
640.0543763092
434.4927708825
807.8555649084
661.3494870248
770.5252381314
268.7256946886
924.9728755872
944.3681198362
921.1349815833
852.7866766629
811.9185513416
583.4106636193
946.6513140865
626.0647503046
870.4741979739
898.3703513048
603.8915119819
190
877.510604748
929.8592147233
478.614085497
707.5353825168
848.6943195035
638.4642275882
643.6726533619
628.9687806157
622.9317346497
742.6572037816
285.5192670092
758.9566948525
219.1965040894
153
723.263663813
636.6091087201
688.7744334998
889.8751311426
912.7032217731
303.5165994152
899.1984425674
861.9391172803
849.778944743
748.492676028
798.8400640334
802.2984572952
799.1490825675
680.4766569004
684.9428952676
803.9447589765
1231.4874089002
258.4454809924
705.2016636179
714.2993726113
771.120371922
250.8754497929
805.5989789032
604.3967106414
613.733191962
795.0768219386
542.9246796554
820.8152874563
404.6076974181
229.1513505901
776.9064443596
716.5477776938
605.7330135808
650.5221729131
777.5422527771
647.7523713255
1013.832860331
1030.2089362758
221.5209771436
166.9433286692
636.1468147805
730.2917537492
712.8377242251
758.4988657126
693.9189320993
708.3852963113
749.0111758679
663.3059502321
513.9745057496
707.2617079558
819.5497661351
682.6937865461
883.3052671434
684.2962055165
837.0026309376
656.0776473074
995.5693872161
132
324.5036937395
644.7240682885
226.5331747294
628.8577741516
812.4537898879
638.7027561488
992.6493620806
879.4201770687
733.2713002121
837.2482879275
963.7790390043
690.2507772617
355.6199217959
640.3830059107
709.4494164734
925.7715190889
733.9380694775
882.0416846532
908.3947611373
878.5555600595
672.1240288296
783.8262871851
524.8098160023
800.7875986913
569.0541501576
1036.0008587347
509.7581570692
634.9119972322
790.819814676
316.3381756167
437.772459348
628.9252046409
726.5038639949
997.0529230602
668.440161863
709.0676382628
801.2997995705
621.2869520788
824.3508152806
614.6209001437
781.1710448356
730.6079531692
744.1923828358
860.5109124223
639.7825585479
667.3562884028
667.9538652096
693.6429763059
745.8046589711
783.6155538106
638.9202968292
707.9648039815
737.8202473839
970.4580616924
627.1040137231
840.736718324
562.7867919763
938.3801436164
708.9884038866
1201.7293196851
712.9354778051
710.5531852626
659.8210182541
844.5659386451
157
808.994737284
580.8319346188
716.1155594374
708.5320013057
738.0319564863
511.5587760508
872.347849198
531.0917914786
710.9102944434
859.7593720166
231.3665639673
772.3046544744
664.0532486121
205.4556888117
702.080447865
267
813.6136326252
531.6436667099
687.0422941453
623.4583894571
441.3318851461
646.9451831126
697.8746568761
366.3452843152
370.6839912135
682.9024804621
705.8704203332
647.3793606392
430.967691911
631.6115353817
562.9183079859
638.0989292353
638.1324986524
166.8993268771
670.7221915143
755.5322571763
325.3060970444
471.4678508149
583.0814064656
867.8149991688
673.3582722911
731.3879225068
751.0949549925
369.5239017487
206.837031244
637.390071786
959.3285815554
583.2197039383
746.6963141468
618.5691365215
657.5560363922
924.690222211
864.3908431253
678.2411852732
344.2760130065
283.2719444174
768.3616234451
653.7895783021
703.4441798801
882.7375906521
712.2445411967
541.255458532
933.1948264037
728.2096555724
519.5467852535
863.208449012
508.1303485716
705.7325446958
846.2095503729
737.5057696356
710.0796613191
823.0797144192
754.0867842164
717.2960173986
723.2280658107
651.5253496181
834.4079133291
673.1583202954
648.3403917787
887.1624499684
699.663783723
801.3089397625
444.6967587777
640.5181014183
753.5957466681
1007.6751648278
672.2344788856
702.9421036011
849.6793462401
550.6591743049
598.9962184783
685.8226985676
881.0620650416
732.0570248512
506.0100437749
864.3618835361
595.6889302925
756.9402237335
875.2353450682
272.0161898437
1046.038234199
779.6805026034
341.4525480202
547.9067842333
298.0350819875
637.3711232311
704.3110605403
584.3682576943
856.2020230786
758.058397333
851.2914869443
774.8663470969
141.332620472
889.6528851271
312.9440845214
652.7078716557
816.7273972948
722.621602857
251.2251079427
844.3554713157
661.00480855
349.9265248741
736.5465792591
800.0783886158
714.1592835476
569.1423850779
207.6194875239
676.3507848713
789.6247618462
658.9531804884
673.2413811069
670.8978242986
744.2676784554
738.8079483018
661.5442699078
709.4445816427
801.4227953615
741.9575938536
818.1997390159
781.8761840533
786.9657189463
252.749495359
803.2149128731
753.1133715976
668.7675756961
673.3918838542
671.1490258352
740.2683448793
818.526517988
272.4338973943
864.8240359341
866.3192223495
801.2954063783
499.4772963126
762.7555831521
620.7512480082
790.2932552777
689.0604600875
230.6805260029
118.5448387614
915.4066909995
626.0506276692
750.4523787432
672.7503046406
653.2786078785
799.2505810754
747.6213753659
294.5174951779
646.8663341222
778.6855443968
629.4769713507
665.3998644913
764.8729610691
682.1807272035
726.5845002355
757.3141935324
620.9240355263
484.4395787922
448.2348980524
309.601526275
609.1129114185
525.6348489414
856.9254879071
599.3594051832
705.8215237761
778.7237646308
813.5686153688
739.1246828213
642.8105232225
753.5064485375
659.6098955397
664.3312249976
664.5094789878
695.0652853258
672.7124300107
707.262055393
107
314.2301972137
892.4126372845
433.2205069995
904.1048680497
984.5084445514
597.7878204663
620.0615270814
708.1265509918
863.5014393718
1020.1138697549
802.0487995462
398.6972109458
504.8883093499
888.3304963239
752.7237742738
882.9529463609
1017.7777025621
614.8108816761
397.7011793162
767.6614863499
740.831601325
819.1974291136
758.624894755
155
708.9174631011
813.3415492107
672.9990987347
647.8078676579
971.6241569791
624.9299485992
671.5547389008
643.6305296418
801.79497589
749.1315224355
748.1336924042
830.4619327954
463.4557215159
845.5039178364
209.8934673148
846.6168927925
733.6320114565
639.9102466012
746.5533804592
205.7579416582
785.5351805986
802.6693089114
746.2715561094
715.1019184828
841.2714761359
682.4204831814
738.2970371101
836.4657607765
622.9962610533
653.505951933
804.7215708885
666.8314000813
748.2840697013
592.0134967993
277.5269695423
157.6545222599
904.2885333491
273.3872626125
526.480007142
609.3734642348
598.1381386568
559.1515262101
567.2803610105
706.4181429546
806.1343772062
678.671517395
654.0703272163
911.3713817165
696.5307207875
64.017377251
868.0273549219
722.2253836638
254.169460124
627.7943913078
793.6148851652
752.5212310754
706.0812015613
731.4178086006
710.3086196618
819.7156718526
154.5456826952
880.0512330926
728.5643808506
1032.5575368124
915.3132525436
135.081200043
869.0219774153
758.2160030008
357.6158981737
961.0769244729
889.0708608551
663.1245856754
942.222975255
747.4019567203
683.4090398964
655.3368020711
716.6569503312
740.884743437
717.9881189769
713.8873571807
580.2701474705
658.044551353
684.6302150802
791.6211541087
320.8492520407
312.1857859694
810.4879958722
722.8479669627
726.495900893
348.3312555636
761.8318644998
659.1914503156
409.0086242594
675.6193422781
582.0290337522
620.7078655496
973.3634614963
852.5505459814
667.3026212807
399.1152797916
793.1177349537
757.6555528679
709.1285025705
649.2052696919
267.8655343449
883.6619905429
674.9266298018
278.5236719909
793.1651639728
608.9472603296
713.8635302023
272.3689497956
898.9135910211
840.6586576738
512.8212824936
952.8015836185
982.5943668658
606.8183417387
909.3650872903
811.7952514435
657.690213189
811.8722008829
733.0511686585
1007.203020408
339.7550036399
585.5226267964
880.0145683348
650.5788285452
297.7185363338
821.7060311873
180.607084978
576.409652191
591.2041790101
731.3340373595
526.796378038
741.6868950537
883.3795686014
674.1362718233
829.7365165534
752.6570900925
676.7900114565
357.9296869452
881.2286643388
650.1141341071
709.0626844476
935.6345819408
736.4054493326
976.3234909753
650.9075719253
638.1933759545
833.3176156978
836.4376017009
705.9728786871
734.5598828224
694.0813488071
694.8019489173
867.2722800689
709.6022248199
713.4460012523
495.351521394
643.9019244258
868.3525055065
648.4226173017
313.2591472375
542.5474953656
386.3097944574
244.0293631864
722.1101672542
722.601333358
684.7679943479
932.5784655065
235.0314540926
663.7875386056
866.609721674
618.8088652977
807.4040329642
761.9074105755
804.7082695315
104.6179362732
707.0053436604
869.8525125061
244
704.3722766611
766.0679229976
680.5903266503
875.3421308854
587.0093763873
747.961573857
295.7892265153
917.5724963694
516.0624448422
638.568616232
781.8816524163
683.7288389457
719.6401639445
742.2778441721
860.4829831005
894.4984750847
338.2271888874
200.0777319714
672.2489942488
691.6521279805
989.0925716514
451.1243520416
513.3573002325
107.3766757756
693.9582648911
705.3204537303
698.3998432625
1132.0162987144
761.7131582464
689.9899943161
430.4291462853
699.4780524941
840.2513390506
848.9180188578
921.4515269487
774.6977822222
844.6615942853
856.222804498
122.713963167
792.9153441358
264.6517124159
796.3768367597
512.1174800022
660.5262968219
778.0424736357
894.632909051
604.8228692144
311.5623442412
816.6205042719
754.3882357722
991.871920256
1011.3888331452
772.4795418653
624.9771895915
631.8456397582
880.9907630509
635.223225098
698.6040988733
407.6678532005
890.6421209398
844.6966996412
567.410814911
852.9564268014
208.7228969702
606.3481585336
856.9368265956
717.5927200496
299.2706204188
618.9219981765
766.3390984432
697.6381894356
689.8341438401
859.8588759014
868.1137683574
661.7362935615
643.9391305412
163
764.9134647787
746.2821987427
668.8750135731
609.3794600702
597.6930981636
71
759.4705531913
795.2495969342
756.244349915
926.6436887536
771.0795992461
657.8903839953
223.9151838853
123.448247343
900.7662597187
911.2708413976
907.5249203314
855.3246439957
828.1778663027
785.1541672465
336.5839523239
548.4386309696
749.8351807171
148.310675963
636.9979261654
223.758735096
730.9806437262
688.2919307289
827.2916357996
863.6250763712
484.5805716284
661.4020763944
827.2757785935
763.3078140383
1007.2283288222
210.5822030336
904.3278655515
706.2366024444
695.3581496793
658.7081292131
615.1275524435
727.8970535773
504.1709228778
872.3255268051
708.3918667062
638.1721776863
769.4261188928
954.0899172278
828.9635785698
784.0796402219
801.0868077166
676.4440593465
705.0463735491
644.4523974652
312.2755934203
689.6724287313
408.464051558
170.1491767204
1195.3955498176
625.8022017912
666.9293814988
340.4958524106
670.583785834
841.0771275203
626.5209101287
621.8448790061
428.8263087777
687.4359591977
685.0010559879
530.3515166877
744.0112502648
550.6963201197
710.3127246665
244.6156318503
873.3392690052
697.289470157
758.8693772987
736.4148730005
735.392797049
437.6438266166
1039.5712013165
603.7554530748
676.768232805
652.8646605594
679.3407863554
354.1760224924
353.7351703684
893.6014731138
702.9025045555
517.564835573
715.6855517171
731.4745992636
716.3992700617
886.8412103903
804.2872909225
240.3224073124
847.1456374072
717.2451141562
707.7201635026
125
811.4948419769
892.4289026297
680.3081935204
748.7187986082
929.5989080602
128.4512358747
876.7603161536
283
720.5414101426
687.7309027475
857.4325842116
654.9342671805
745.8138127132
910.3483035304
715.4257469905
288.3917229044
728.5265880605
658.7049683996
747.3029074629
888.388872942
186.0829774735
660.7715450487
996.6462983063
902.7676637135
756.5789126345
854.6891672871
955.0273487823
807.3591856649
756.1153223617
162
909.3709516614
145.4221405502
332.2046898965
653.9074427273
521.4754514179
554.7844829362
927.0750336094
1004.695182327
275.8059305743
653.4346572209
570.4444700508
706.3983078635
774.0225015723
797.2464630325
881.8313704253
443.9036899694
908.1906291537
970.951363923
589.0705923898
884.5624463825
276.5839189026
679.9110783444
915.9079756922
803.0327771087
592.9083692397
768.4237887505
284.5418231774
702.7049763675
629.4017622672
226.0146629403
685.4183457847
645.5474158498
638.5816205991
670.5870225356
390.8665045696
840.1612229478
656.3814277119
645.5619143662
805.8816426807
688.013501974
859.6295069797
1024.31634116
872.267085197
853.4619153372
811.502943726
564.9553245748
738.2855717297
222.4911586893
223.82352203
485.9698906824
958.9877670429
584.9862017364
872.3672648414
773.3428683341
778.5185881575
785.0203187472
827.3580329624
773.4380490299
653.1280156425
857.6058953678
941.4314788524
670.8247120929
850.3437392845
726.3390282123
902.6243859464
130.8514929297
699.6168802318
821.9233261982
868.9098484278
714.5134138009
107
966.5945679543
984.9876325811
873.4610417016
198
810.9933447801
839.3040670014
842.4135351508
249
780.7172357279
825.6365976749
951.3013911149
867.0547341729
672.2718061736
602.6715639044
861.7069256734
701.693030769
883.6970755612
695.3197010745
670.2644285244
937.2322651416
656.3279976978
419.5567823619
696.0412987129
667.9802814583
676.0112766091
699.2864370377
607.0003696333
733.3624171006
644.1758030631
672.8575347653
654.2186627114
531.5925599109
894.6773975172
117.8533827774
660.982149566
682.1297939209
647.1363617075
888.9487582395
752.3069862516
679.4836608886
666.9750518759
811.0578680495
673.1662764196
506.1611129205
300.1679522916
819.3955469307
726.7845249662
693.058281002
705.6131875262
693.2178046289
813.4146607797
642.8299958307
662.9738524556
945.9607687902
774.9899899628
638.0144618091
704.8224639113
165.6250719337
969.7623836768
890.7012373392
645.5784432491
228.6828854625
347.2878332902
742.7626229958
770.4399094074
760.834637798
969.7635568649
758.0812123481
690.6464698855
689.3768965609
497.4945715423
269.2923877922
937.7314870052
822.0507596605
790.443691407
687.2382650538
615.3920855367
544.7065777011
333.020229121
268.6768559849
827.8681247321
731.1668123721
201.8150700552
244.9205088243
829.4941329877
737.9708893789
422.3924655909
674.7859194611
568.8790652455
496.8983651836
798.4059899157
773.1682539942
573.7311747263
786.3022757466
287.5548308826
707.2267803083
730.0905291298
708.9742788872
886.1041044913
613.9370442493
608.6907615393
729.2377548704
573.3101074998
769.6232799325
900.9467751078
654.5949679623
825.9809689185
723.1217623857
911.2591498603
725.0105422663
930.7544431412
791.9331479588
752.2504794882
689.19084917
780.7804840459
558.0365619243
682.6459118878
860.8694707057
514.5573966956
581.2815313708
262.4162232701
872.8765800681
717.7767682141
987.7025427882
613.244029758
431.9104893627
326.4072987668
269.8542822392
456.6403750943
692.0420133718
269.6393977229
260.0884082584
663.1581026859
378.6018088043
756.44756058
916.8267565151
664.2625702536
715.1295163755
167.5084791954
784.8685452275
723.2870634028
656.2992586118
1001.6649000479
1032.362351797
598.3715418763
714.7395444448
711.2832788882
767.0848752412
709.0351636416
747.9129257261
688.3304694619
711.5660916601
779.4009078793
429.3402134555
242.1984956335
796.9650681384
741.7479061716
971.2095735953
637.764758437
1000.3374483395
285.9771224787
1001.5573540153
850.9365772394
663.1204025659
810.2566293849
192.9527631612
733.3403861432
887.8943209146
686.4671333415
934.7861041437
676.5241142046
271.059090345
852.4915367418
680.5851415967
696.5800312365
503.2795022477
637.757717871
638.4005117152
415.8462982761
858.6347403368
632.8981750677
335.9255785235
782.1341778999
719.9494373014
442.2105975339
798.7639573019
678.8353430255
686.1802269965
604.1747944147
673.4781451591
740.2899512001
630.7664877257
647.3263034531
507.5239500858
249.6733607644
674.3838429938
936.4314376345
189.9362789173
703.5846157976
897.4788173479
770.3742218974
204.1955977501
891.717051914
667.0453429573
616.8977306459
692.1132635503
693.9300890006
695.4788808965
273.2648776788
648.6656385283
557.4898935785
249.8417795693
634.8018270271
798.5851411864
707.0321590495
844.0189733936
683.2711458333
819.1242826418
617.5779027328
242.3045192434
661.7311394112
656.8537328817
629.9491607115
657.980003227
630.8719091988
891.1800232551
729.1480040309
713.6558712731
702.7109947108
686.8222094428
700.5114761475
650.0306200515
442.3679533611
252.6727228458
580.7446811329
736.0633451764
439.3411646858
653.9400854217
937.2480090505
190.8411069697
665.4965558845
297.4979876404
570.763449081
583.1828974779
1027.1674486989
519.655776605
283.9441469312
912.5658961531
821.4350063544
716.9928001109
802.7638083999
765.7356539733
763.959307296
684.5571375905
696.2803157162
901.2551681509
904.8023713727
186.1144528976
878.9129194374
793.6094070854
592.5381294771
708.7560232849
751.5567484392
677.6722654203
671.3196510093
604.3530552214
667.6651462214
582.1710246639
184.0418993609
829.1861470714
631.0406161424
706.564357892
828.4634660034
831.6551030771
814.5336094676
234.3195230095
637.7517529338
712.8097199513
725.3080286294
673.7231300335
801.313041144
818.1432012703
504.5755140201
604.3915788404
636.856273565
931.555361611
729.8515493572
735.8517016965
884.0831071725
627.3801179667
795.2522804646
653.3246363783
709.5110904973
818.1062394115
920.5926063099
599.7521493772
1019.8031198341
721.3929934287
667.5506292934
841.8084387954
157.3121982842
810.3562125524
586.6167945028
694.7330022282
533.7997700181
827.6538097657
801.2579769211
658.3785272572
845.3274181081
706.9465908533
720.7530520572
539.3500833296
230.9054748303
724.476646263
221.714436164
699.504095381
638.8226062188
658.6696990258
296.4578102243
666.2966225129
935.1246009514
996.5463034045
618.3849982942
725.1531419921
838.5507271227
307.5830049905
660.6076230271
633.2305258804
758.9952542379
645.0151784346
330.5565122037
633.9187080176
705.0390317419
339.601875888
660.1616432101
962.5045406414
708.9967795062
744.0262685152
877.2604470551
190.9702014152
683.1476807515
761.127624357
950.0541408694
784.5017415122
735.9476390324
647.0440128599
656.9517966359
728.9948010682
726.2940443915
891.8344471657
809.4310092414
729.1439238806
719.9155008356
707.1664250514
783.7636792844
704.7199204144
909.9821201997
928.4522089296
646.8923841736
801.0123016207
651.9863761103
160.8385269897
885.4397439638
764.4535597354
385.3265380367
860.2170574631
972.5444394733
915.2255732625
833.4076754476
274.443743966
755.1915506707
744.0164869671
678.6545221038
770.3725859592
770.0128039473
769.6810813816
802.9148147182
711.0040702165
845.9226515516
704.5765467751
973.6530550161
227.3893423806
720.6141371724
183.1227161253
763.4098795607
811.9987649796
730.630495315
736.740000556
607.192853209
757.3684663368
673.9397316914
645.2425878425
690.2701451137
740.5852634113
651.4218744535
703.9719300367
659.080892536
222.4767542813
750.3974911467
591.884241254
709.5750936946
732.1125857378
813.6582845506
1175.1563432944
616.4218011208
903.4696366503
843.5620429539
702.2517999613
740.5992610839
835.9193702028
481.0774775542
739.5684316008
644.0333211433
647.6408016643
735.25367402
826.4894739139
628.0546070093
659.6796204329
713.2238876831
769.0526450637
735.0892259797
681.6235602061
636.4461558292
874.5632504668
587.2051844234
642.7542647357
665.3452619132
626.7350980306
690.4903663083
593.8165191987
659.8348844432
652.2360425111
255.0417671589
757.5779489083
577.7204156167
896.8149388366
720.8237254395
666.5220092926
820.9615253083
646.5958390562
249.0419852163
289.7015043683
299.8571856392
861.752641251
628.2987418661
814.8638562217
638.0828030742
804.3795200527
681.8676271248
748.0026554545
704.79263366
802.4174146927
671.2851760506
588.254709919
790.412124004
895.3745047076
810.3458252984
858.3109477112
685.3220892793
589.1459913774
678.9946851575
564.3294042627
600.7817898763
892.2859636497
684.2326802262
493.8991952053
697.7315484602
649.0540576001
271.8002393485
762.7493498081
641.2299353415
768.1911510938
638.6703025544
444.555465016
686.9800148723
967.2147663867
680.6863141588
768.866738523
696.867432613
269.3485092352
650.2251088047
927.5967765383
-66.1850060848
733.8800712372
675.5926256649
598.7405473577
698.0990429808
613.7492472613
729.8545910719
700.3144958903
670.6706594738
734.1489769018
528.4657169205
858.4841200297
723.8887389774
626.489928435
689.3438495879
709.2195821681
997.103359922
648.3161811363
764.3527522253
853.4405899188
188.7433716015
741.3225670091
570.9368096288
836.4050310542
941.6765462347
1013.3076059231
723.6855518699
884.1062600835
725.0182111744
750.9948747179
297.0319499935
808.5197286573
776.0034949932
623.3729478085
622.0463984557
791.4482296606
284.5567342254
511.6637798915
835.4553784327
836.0246408212
791.4464248665
626.725623156
925.8338561418
816.2159155578
796.9681793794
434.7024322975
984.1742283395
877.1026250615
666.8413395725
705.0266294919
727.5365021894
596.6504346517
559.0095985541
687.348439935
665.0253191558
828.8686851629
263.3671529522
624.7661221212
697.355203374
800.3741730534
851.4109300488
658.8931928561
1028.4365637294
686.3957789025
716.9965588981
184.4659603233
166.1967840048
664.7348835763
825.0209418964
907.6296842878
816.1322755764
304.7531562737
643.8936643605
689.9107221375
708.6697030503
723.6814555278
729.148192378
707.5810964957
736.0904010999
769.3657897694
911.1369564298
268.3685026255
930.2185973687
687.2211078821
768.9967795558
712.8419053601
267.2840003496
716.5848276116
663.254682277
375.4071284695
686.6852807962
717.193323833
824.1021812309
360.9713871925
644.8402959611
254.6526422529
303.3659422069
869.4956959746
880.3866544166
577.5436576273
867.2551576478
666.5054437284
765.6166748506
848.4013374567
696.851940452
670.0143917563
1053.9602032765
1080.9201771581
633.9629368421
128
854.3717143265
933.8457147507
830.1020094529
681.0181839274
562.0898497072
851.753729989
611.1639830768
638.8755848777
296.2310036731
747.039102034
778.159037064
704.4686356456
694.9170025304
674.5436507382
799.8890140384
130.883547595
712.660588049
683.8928914828
707.7317892044
734.0867198275
878.9731525982
791.5120465513
861.8703460158
577.8793096876
642.6469092614
643.7850976906
636.936366937
1034.0244733151
776.8300934904
602.1697226898
869.4429873614
698.4392890063
674.1055938667
254.2086246706
614.0022663641
654.9453058672
871.9719206675
591.6289014346
810.2060877005
712.9276063915
782.6433828932
635.1720572857
823.6240430322
944.5553013309
733.9213444978
726.785978038
527.9659132181
203.5861329226
709.2809210386
816.176369477
746.9546366442
721.1894155218
287.4316037419
352.2290114277
894.3022658838
518.329735736
615.4282449829
869.4237699817
683.1180303051
235.8993696978
658.4349892751
729.5012953291
321.4123073062
632.6752408105
832.7611215555
704.7176832937
335.7934103938
700.4820073013
833.4198455411
657.2504658473
900.50232712
680.609580914
517.6415150116
828.9656739633
713.3677458752
728.3896015415
262.4446572966
836.0602376753
1012.173212646
1038.9632329286
680.2531852768
727.1653317961
709.0811442099
803.6317871851
689.7256759059
309.0812380339
718.4873216536
790.0145600497
756.6077697604
657.7314817274
632.5922982024
612.0890849027
679.9460758054
549.6542095436
678.1865825069
717.6442159568
775.7861779815
685.4365037689
566.6808290024
652.8858193901
798.8681240271
734.039894096
780.7335307441
712.6043118593
640.0461485268
973.9464675432
658.670699441
816.3937308054
666.2604898683
737.9470401308
726.8386967252
754.8142802899
747.6547954705
820.6135006889
797.3789661624
514.3677839228
587.2127174923
805.7783514252
674.5227258667
735.17511552
167.7848939141
735.1176742985
692.9809543711
896.4475734407
870.9040721353
147.3630091945
641.4039404945
654.5945491329
753.4300818577
737.5770728811
751.3412682289
238.3709284948
701.6637306155
938.5219608353
846.9973708877
838.584953491
923.5599229553
346.6241505141
590.9156872159
684.7306691035
652.1464158502
756.8162342937
155.8019802172
769.2207530836
685.264619024
394.0535616896
829.1370140888
293.698010811
658.0065162291
682.3199883653
280.6162309156
946.7421402061
262.3653955661
713.0347184551
706.377678266
817.3874043735
803.2516649779
771.8788351239
655.5127307317
779.6635440783
785.0870585482
599.9046331413
923.1799708638
707.6468902289
609.2009480569
935.2443402283
733.6856102521
754.111617703
745.0154217193
643.3434588995
1022.143548444
453.9329015157
767.3006740591
703.1928499871
472.5178372289
626.1345837038
271.6674017152
464.9223404636
218.0555477973
860.3774997129
412.8808288533
608.4293060288
860.2446574442
656.3831598292
1043.1959607902
854.8146574581
260.9071807863
680.8863500512
727.2721844127
727.6054820247
930.0513449162
744.7786899115
470.936223002
835.3789315683
691.5997474461
907.9052720237
881.5439368437
960.5463198236
671.7662162901
485.8732327841
786.5038397417
765.58498339
684.0363879959
757.5293553863
815.474091722
656.0166471
471.1369443682
641.7847969257
693.4170879615
749.6033816584
712.5812535252
652.8271793845
986.9926266099
540.8336365656
776.2075681032
668.1241250114
711.6423009918
508.3179651024
621.5812952304
627.493139428
680.6146754112
491.8637023926
608.7228860132
861.7244379351
703.8586339402
720.2201242238
703.0107193279
751.8040187141
701.3446073696
793.1692933839
700.2410108133
908.7398493208
891.50037998
319.0397156711
839.8869484079
981.2424256858
988.5891447081
436.0343893266
408.4977881866
638.1600134447
614.1106243823
835.926579707
846.1894851118
722.4551921074
650.113594361
14.3161023178
917.5865374589
696.9477809256
694.4999551755
785.0022974634
787.9167548843
601.1697469314
733.21752254
794.3921782675
243.3012566694
664.1924571963
656.2236482009
665.9529653379
754.623743343
645.05698096
267.8738358992
754.3231001825
955.4459914695
613.7635908745
963.3579769041
896.8594949634
883.2427070248
720.5331823521
680.7594506384
667.4816515555
748.8799255498
823.952388848
556.6259724138
824.1179317537
344.029797416
654.9423123991
761.7648941094
969.1838930678
727.553122147
687.3462558789
243.8798036699
859.4389181168
764.9818040644
706.0508221969
782.752120351
382.7992780651
179.8419656539
111.5409144135
718.2763460817
877.4062627733
753.1344993755
711.0818082545
290.8102718634
271
724.6020506598
646.4172915525
872.1736418889
683.7202438003
273.4529946236
659.1783051954
665.6533048803
647.9790814197
869.1530902093
933.0810572703
644.9132560971
552.8810571164
750.0749808537
743.7679097704
865.6099459305
879.9480872014
675.9037608382
323.554047873
208.0657140186
715.7999613328
766.7846286586
592.5869949797
761.7132783145
608.4952649889
893.8437189588
753.8877597958
789.947460825
698.2546734465
748.2446909933
815.5973355155
261.6689914377
713.2336679489
954.2584746435
170.6588009248
609.0557711726
540.9086488785
673.7646819392
764.6950069874
667.3377370688
1005.8783567368
302.3391019087
138.5980199815
557.1433788797
720.6469389671
626.0362813939
303.6183345186
766.9361140381
631.1931519974
231.839961362
512.7906351858
635.3092761798
859.5815086075
687.2300191062
618.1160504348
643.4994743934
718.0254114044
668.6080743386
586.4931708355
758.764313002
550.321240491
685.61573884
341.1114516327
717.0988362086
746.9180162334
546.1376331686
688.0133553667
736.5819341002
594.3894210188
862.8607351661
694.7419615996
716.6897565619
737.3896605574
643.1988425641
442.5796436722
727.1739601811
760.2184151147
783.4807557027
682.2627420362
671.1294537593
632.8489937706
628.433151432
757.1120372851
301.1520381723
757.5664356418
559.0195520634
663.1004215637
884.0080733856
669.2019100398
823.95301108
132.8571849815
876.3842947984
697.8247660246
815.4993225964
635.7295866926
590.1616578767
889.8808501718
758.3307907812
125
280.0003588123
555.4493772419
670.1746666997
209.5900034202
215.4979195251
338.8683509356
798.1197721436
711.4347089964
591.5595268349
239.0848548613
199.6840791812
657.3463757489
673.4887841899
694.2968032986
666.1898118813
718.225049004
586.6556880123
201.7158601307
164.2441150364
224.4661144704
652.4084082311
383.4116001856
712.2771209537
78
666.5260081232
758.0602944605
657.7727958797
730.9561232074
343.0995310971
691.7593017529
684.2750768809
759.916615499
786.5711433739
683.9528727702
624.146764645
762.1484095675
791.9031333586
892.2621054001
663.8932202303
632.3316952256
275.2757928825
903.5250807792
921.0774257378
762.2782603642
828.5991789854
741.5053307034
953.1665151573
742.7219732336
665.3211561604
179.4910512418
563.6297044566
214.6106702053
374.0275334055
884.3918148086
885.2814244685
642.721315642
860.3459770583
858.1164386128
299.5174231717
572.8496062119
739.0102166772
914.6571606649
964.8324156825
775.975513134
814.5734514287
239.0601259475
722.0707459353
272.4992015759
132
740.1649688295
719.6602104869
710.7713687126
919.632014274
827.0313748237
762.654152876
901.3550609625
741.7301972411
711.3099028106
729.4135258535
677.7875582884
869.8664555063
790.3940567109
788.5581220622
945.3815466907
722.5043735431
960.2938347997
895.8595113697
274.2074263496
613.5106255438
475.2449154001
642.3710378948
696.665999181
833.9173633119
636.9702906383
508.5982801033
558.5820409818
374.8613037076
245.1659360111
1317.4758718224
829.0644440997
875.8924545989
640.430492635
640.0398627912
707.486113529
681.4447955231
653.2563121872
669.4748719067
849.9487122927
748.475333611
415.7800923895
645.3349924196
750.4233792746
734.2723726338
125.1180903695
832.8440418921
1046.5478751586
290.6296866864
662.5462429057
278.6363074838
695.1891292541
993.1329112618
1005.8915148833
622.9407137644
901.1566982425
766.2387639336
751.7953636741
852.4650957609
726.1897968491
623.7462530704
666.2906052151
867.028647068
664.4143140889
176.7497209632
776.3532360241
509.3444351261
633.8451487998
931.7405301566
619.1229789046
403.8557653882
245.2253499481
397.5145079168
868.3854042875
622.0016572757
925.2468509684
649.7911245661
696.5180165042
734.4275836439
960.9673389457
933.1800418666
755.1496600574
731.6406050415
654.1014557732
697.1885093395
422.0353636455
864.6687417782
940.0742868721
767.2789820917
1189.1107414351
1224.2168308555
853.9255099658
720.4282692598
710.7965116094
653.0611600655
835.0602373987
764.9278461367
350.9929494873
724.8801824866
741.8144669781
888.0827254895
668.5719176141
720.8066451779
863.3214755396
833.2019378643
966.8108894309
844.1703146413
724.6427024418
860.0645404905
661.4713610581
675.934228199
934.0967351
1031.178981076
621.2538289601
803.8948641974
702.9119689377
890.5942981615
450.6644618444
636.7534646812
626.6909199461
235.0471286879
850.1144000892
617.3605301448
678.0924600167
