327.8648889842
168.2073662613
166.6003422846
642.2693170758
498.0577018465
199.4515945246
583.9669145458
676.1595185229
384.7132107177
254.8607185458
415.7744847124
373.176400043
170.344899318
655.9217373866
500.8646043234
398.7932830946
735.9973595992
374.624920387
329.2681645587
175.0054184849
332.207769952
443.3964454832
555.2783706095
476.4653237836
399.3090464673
433.2008592995
720.4240366682
588.781552677
234.6275346345
376.4357654298
448.3613721254
687.9248845938
639.9775989917
708.3865789757
720.2308026618
353.5456991433
341.3639215009
221.6136730691
213.1298443124
-115.8345857551
588.9135261376
519.1303051417
295.7209622348
9.6274381879
508.6674210319
184.5921526214
472.9651996452
3
339.215720791
531.0509799891
624.9806362341
-44.9095831465
471.3801779386
303.0026099348
707.5810786215
287.0781764917
-86.0664896299
415.7349829027
339.8375235683
273.5989938264
390.931118964
171.0533901383
646.890096384
268.1398158655
140.7499746934
247.0221307841
830.2433185607
674.7406330701
447.8868460903
417.1241233485
63.7200745605
702.6698352969
229.4432814574
258.5656559225
491.4900459155
512.8956960428
435.8750594091
622.7114269133
419.2937027308
589.8045667009
605.150499165
367.6945388175
628.1728780087
321.0697623866
414.4905111224
458.5753335978
316.6076010802
714.029483533
278.5826938863
225.5426640208
504.4386130839
-48.5554463004
429.1132785231
293.5464125173
541.0330081729
450.7477274244
147.1959747192
582.5577076907
415.4721432778
273.9664372962
298.0555175302
275.9592581738
291.7873350166
561.2734380248
158.2745234156
438.5789143708
298.1421810589
601.5404348047
305.1333352994
474.3692084559
531.814635283
217.1160940408
309.7582413784
256.4092698659
216.555066375
184.6504370739
228.8282846936
212.2453593044
486.0739937086
138.5438214563
358.0615132344
441.7615451491
566.8633008677
500.0077965653
577.2663979177
599.7723951124
528.8671956991
441.8814358242
358.5731529949
483.0860765204
508.0757688433
210.1486533382
571.1045772936
455.4586254574
211.5422857962
148.7501547815
503.1419392091
655.0151136609
552.2538804375
266.8574625791
708.0307713057
517.1905978086
296.4280820401
488.3605376526
310.5554647397
103
216.9943715117
291.1790582554
434.4598467547
216.6913078015
343.5454106461
353.7763468509
198.6885324185
311.4422210353
197.3250800915
334.6237755526
565.1696623089
155.8736058088
516.5650326572
524.7333347048
446.9417875237
698.6265983273
729.8026109494
560.8010696963
592.7019216295
655.5162305736
376.7189217216
100.481052085
257.4270741671
247.7564711557
427.8072591104
213.4504514228
268.0721503791
404.4395560488
523.9652426518
420.8855829297
163.4530059011
679.4328443475
-92.2
243.6770703786
607.4339979944
284.5467222061
281.2339278276
518.643330746
335.6407389137
347.3484493539
185.6806153629
344.7385669306
339.1868932875
693.6852729816
338.5036394055
271.1274985355
412.965065765
356.9365596253
193.5549402262
201.2776138605
405.80128685
361.1173645548
680.1020863467
551.0373107409
490.2739865603
317.8013569368
621.1722469562
415.2539218834
490.2986182891
504.3099762483
474.6498290585
486.8491347476
291.6915763124
415.4645846627
300.9967007442
686.0074740478
273.6368416663
556.0034334011
393.8439047963
48.4354320324
287.9280184708
498.9372936042
215.7861315264
510.988452241
271.8306570147
411.3443846105
698.4004689799
627.621983048
312.8920424596
366.1846850783
446.4912632776
225.7916012864
389.0205358312
455.996057008
218.813023076
207.9165443414
490.8383145708
250.9746468179
367.1576534
-3
289.3039397981
342.9499513338
493.7251588499
364.1765526798
220.9207856623
522.2487796221
450.567609498
413.2991441934
594.2365313513
443.9696567514
417.4110519693
303.8107559653
175.566630226
361.4192025997
198.6871511892
523.2506703551
513.8274273767
351.6446896698
225.2784920697
536.1832604295
301.5886990449
258.3877231959
603.3093280073
559.2785345258
485.3467866871
281.2956566708
504.4976119635
443.3953731986
206.5364713099
217.3669852266
318.2620175054
494.9589463428
487.2463741202
252.2850607872
215.1822690784
550.9778943399
202.7210916418
311.5066464689
541.9116193352
-32.225445441
170.5751270495
549.262831286
628.1726809112
446.2723021236
224.2516604402
260.1952661151
742.7331017385
765.3785921759
434.1895377635
119.9127020231
574.2223983136
584.1624249819
542.3476922661
233.7967639335
598.2220982405
414.2171114448
171.3252053354
222.285269885
436.6797493674
346.4673177518
249.2989901279
512.3884029668
553.4914202835
671.727734707
592.9857598504
189.5151693411
206.4592476426
440.0358836911
298.3998448974
731.2713063856
328.1552366655
317.4432338301
675.6145315241
144.9505457522
325.2101192256
528.3291468642
492.855062133
356.0776677662
222.497933203
439.0567186787
279.880047863
235.3896179076
439.157229827
223.1080379126
376.3718334286
257.6056127754
356.4342724537
-116.8461959122
176.9224098765
207.4014992955
334.1006822471
517.6634147059
491.2793153956
372.2879517367
191.7590758867
543.2795695925
474.0983468688
461.15118436
246.9210066939
394.8097415702
256.8521358515
483.2309008657
309.2180342334
2.7115470759
447.077826081
212.0503728312
683.2004137143
427.302480827
170.8468617368
188.8361144602
291.7462052688
553.6868912601
-122
665.7964728132
357.3165468822
347.974019328
432.28951441
218.8725946009
563.7378418514
254.7403174303
501.4821946566
286.1952453157
510.1397238775
516.6499578824
355.4461617355
581.2411668631
397.8601630352
279.4926834049
400.0784829704
448.5240042911
411.1552916761
508.0425445359
497.5323761369
388.5196867241
432.699911004
395.4028838085
207.886629014
285.7798153473
638.6768427212
525.0495798622
119.9424266689
272.9413229418
299.828835929
244.1405038239
413.7444484022
399.2898439487
312.6048572498
174
173.9517107569
443.597763645
198.9604324127
395.7231442993
562.0971582096
172.0399957755
202.1214148413
553.8100815604
296.5067639471
338.2753973899
264.7027330459
338.8888972246
218.6329010965
263.7607095977
564.482227626
530.069207641
545.7973257051
206.0986548048
257.614771867
685.2418654745
176.6298607522
247.8416915661
523.642381411
492.4483042385
284.0815522692
237.3033887699
165.0470004608
528.9658567487
565.3175712674
264.2975037668
791.1295055493
474.6423754757
463.1552673666
376.5050973733
571.2400820966
283.2182379402
439.6660091592
525.907559836
572.1519253442
653.1033475512
473.5394674106
279.9112160281
457.8108496052
670.7938364663
504.1843650672
727.6422683289
269.1871078876
275.9244428674
636.4736704876
446.8560081857
-64.8892300012
443.4723731372
450.0960855212
298.1729018131
683.8109548208
454.8592162195
393.3014667869
276.0294919828
235.5268145716
-194.3912598923
460.5248346469
609.8958330923
346.3085105957
368.1346272614
491.4574001162
213.1457505332
516.7756263498
388.2833175279
470.0201326846
155.3445716219
575.9065632781
670.8968290355
396.1816232624
240.5366844365
276.1271126332
313.664722911
303.3215894723
258.9730990761
753.9907968071
534.6686262115
160.3499229524
573.383963824
211.8747214936
626.1025196548
730.4435659248
530.3534917885
691.8990619045
724.4669250168
741.1725814056
322.0528509274
594.3509498787
149.1710762288
192.8720914709
385.189356188
539.5247739608
429.7178391129
640.5083784189
199.6451357488
-245
339.2622326817
308.885435
321.5952148613
222.6902511904
274.3945203396
535.3278790659
183.3006759707
214.5783878797
255.8292062908
634.430066554
390.4405452657
295.2671397916
563.8704983573
380.9484376417
685.9884737341
529.0692244356
431.7768146494
399.2691884339
219.4581200793
287.9718057453
365.1744812327
330.2665677511
743.3129253256
873.860023111
483.90426301
969.5876411766
223.129074934
634.9553875131
781.5046742859
701.3766914658
935.7692442424
264.4344457008
434.1118044558
552.7972530647
974.191002106
746.6610561689
820.2275450702
641.4331046273
629.4457717652
717.1309781815
184.3828496091
542.9243055248
418.4193043956
573.8534155018
588.5563648044
513.9747459569
874.5287783668
683.112568144
877.1351541889
633.3203688729
516.5210164618
748.6015727356
249.2704975563
571.3026704118
774.326460438
184.7700765836
613.4058614219
686.898068667
477.0946050724
888.6285726173
734.3616775269
940.7386770718
143.1216366307
948.3354578041
778.4480458816
188.8288418271
379.9863135318
843.1642798219
797.190274344
794.0211719801
695.7646847744
592.0773065159
853.5081724948
313.9926402898
703.3212186422
832.8741881908
737.6274434655
717.975589757
781.8221850087
274.3140330245
230.0734009153
903.1269531103
911.3422077907
220.4262621542
815.5009978777
584.9453743984
678.7491212595
881.4974694487
334.4005592876
694.2712829319
233.9977625781
281.4893426888
835.6179806407
771.5317223325
867.5591384297
762.544783265
720.0008270342
643.0777329869
211.2109131498
862.5313320551
787.2727819324
768.6698104766
284.1106686772
779.8788219316
224.9337749139
349.9170601954
712.0276529371
564.8156652269
706.0733765327
660.1027434384
728.1636798804
751.7791712096
940.7905487987
602.4957879426
709.6367805139
808.710917172
845.4903854332
957.2228831188
230.2051859615
719.1485427535
603.4920460422
138.9411566625
738.4152181871
330.9326996118
189.9890483173
553.952556162
796.5436396325
808.0553378933
683.8061321297
647.7855974671
794.4108826033
746.8936039617
189.2729048816
591.7271440343
568.0673033035
449.2541507933
381.764485156
854.5611829826
467.4616160682
136
905.6788716187
692.1345384633
275.1414114383
570.9808442883
500.8597102762
1018.5929711024
1038.9183516481
764.6591100148
689.3514834058
324.6061114826
313.2896583133
560.736779717
672.7652663572
480.6659529977
735.913802741
647.5176187776
196.2763626645
623.2616388192
1032.1024828253
1049.3104268103
664.2142145314
588.9365179705
678.7138590435
660.733295671
808.5796190951
185.1015555714
651.5263822073
905.9228677919
260.6966252981
660.9628892174
718.9384768164
180.1584089969
526.378392018
787.8553578589
621.7324199424
710.0483009587
625.7638936752
258.7857580033
269.8259673448
875.6754087694
491.3165318432
194
914.204047298
862.8395605966
449.7278537944
659.9795424808
593.4534986151
706.2145751436
821.727859762
372.941615369
664.5370466635
622.6326083052
682.1236686232
650.8192561532
855.7718562
718.0996458702
243.8274610442
950.7553607608
799.5015248453
632.7224542491
612.0191241549
743.6053793655
731.8975184085
767.4720995644
613.3030673036
673.349399057
808.2758199719
716.0138564467
749.6633970313
932.8473237142
938.1001864988
601.5849936335
808.4904655726
641.0475592258
387.6305103436
479.6991379563
350.3507507945
737.255592674
942.8142721516
987.0473434129
1004.6591803936
314.2402079982
881.1476299724
470.6868536463
719.5629440387
747.3934833216
265.8844115973
528.5454255651
537.3628790911
721.6039074475
679.098250408
631.0168617888
793.1123042042
760.510266783
726.9211268431
434.8998624793
721.7353822689
59
363.2547629005
606.6683970502
658.0412960315
649.8700555621
849.7194678863
783.0234330373
849.9995399572
739.8806044443
723.0689899354
391.76127828
678.1873710737
667.7452447642
747.8485796989
653.1620671858
606.5281941981
275.9714743757
545.7491369975
593.9415216114
691.2489331278
750.5148257232
852.7021752482
636.1259310487
860.6972361643
469.3751523647
161.2618898131
260.4493728863
390.9171779304
481.0034502353
770.2727369332
587.3578798581
942.4843563835
731.361516528
271.2728899763
175.4260923293
746.8441060655
194.3577467822
819.4446845173
207.5407490673
745.9791176039
871.697194941
202.844212331
892.685300958
285.7363905082
573.8533415553
595.1620498744
587.1567510737
697.6010163938
682.4715818918
806.8836434762
895.7328087098
717.2418075606
863.1612813984
698.0671963942
623.5273758967
520.2332421588
468.314981392
730.5348313246
886.0472905556
674.1683802306
990.0622599204
291.5878479701
151.8607261305
701.1886150514
677.9516132137
582.9858091208
627.9526189972
658.2282160548
794.9090332534
541.4337960188
407.2885369757
654.0800282655
916.6229089895
920.0335438542
299.5683135829
208.6580229415
665.3170906003
325.8718087532
506.2497363514
356.4029574919
649.0279142306
662.8079161464
174.0446785773
729.6565239679
708.7893518098
827.3968878164
839.0308547488
698.3962912442
691.196605801
774.6995558938
668.98250113
859.1912529663
925.2670228931
546.2302222311
731.6895279657
731.6112902089
666.4298440447
669.70604904
182.1808249566
688.1657189976
722.2657604197
807.0448218247
944.653620202
720.1369880037
792.6240160627
702.2863380594
841.7436251166
144.2666311851
191.8067831227
259.5330762444
628.605035795
241.631268284
865.9071145464
760.8411738307
608.9413736157
699.662193234
767.3654286492
783.805774456
986.8676442048
813.3418988174
720.8863011046
961.407602499
674.9539788446
269.3472989451
969.0198350096
1010.1541827236
864.6643656942
286.0502066124
198.912944939
715.9334105816
246.0790564752
869.1030459521
895.2838490106
615.8078623051
735.7129960261
65
633.2915131852
695.1687954312
290.469757415
670.9161602564
496.8760240861
264.3249374747
638.1105948061
954.2745938497
1070.6072603074
654.2319344041
351.5900455541
591.7636158264
700.6303903932
622.6461760847
728.974165509
649.2289596255
761.0606933318
697.2465170322
742.1232218599
730.0390064366
841.9270255615
339.2879548988
853.7844021021
268.1000710936
342.9496171751
663.2296415397
755.3038305306
825.281465911
859.1228144471
658.935307353
405.6952595235
327.7419336399
667.7513469784
913.4446621318
680.9465488883
326.2049679271
842.6848232382
791.1902170988
305.4821381179
459.7214426482
351.8961690976
898.2285646026
415.9374202902
551.4483487202
772.152726995
756.6065861975
233.8705824906
313.906388854
725.1369829821
660.8080031646
705.234285543
607.3475977991
753.4950502709
692.5949584714
825.0712834875
830.7280054769
851.9058284262
950.0112240471
733.0731385314
705.9499130891
648.6072208899
647.8043573711
646.4342798046
694.7535230065
644.5306995495
656.6216441243
877.7482151849
933.1024474736
698.2268498432
943.4930611113
293.8211908124
697.4040912924
871.2691745412
666.8905838582
741.6901027475
463.2942797833
542.2194210811
233.1111880046
770.4850975292
170.194038977
683.4209849545
625.3386158769
777.5292867733
769.4295206374
990.5122158257
562.5126397501
582.2912179332
635.0149190591
537.4649387949
682.1159289917
257.2190039937
744.3436194112
793.9938695443
760.5188243618
941.3598244211
838.0165479221
521.9146738026
766.7737333198
581.9522517674
834.575386512
636.041356463
299.6697456534
759.8930279615
781.2318130029
441.2626955396
804.8862479701
605.4285657878
1032.5675365569
786.0268756518
605.0361238586
1017.0735681997
677.6392940949
382.1175654028
815.5834513399
718.3990190479
638.9698498769
142.9386186938
311.2400363398
634.3078009011
702.5109163369
626.9713431613
185.8502298141
590.0715712482
601.2804946541
715.3384226083
707.8494095272
643.4870189941
91.955083783
717.5673721727
790.0838191266
689.2575764704
426.6057356604
780.9035245037
663.8301828748
370.4759365588
570.372255528
398.7652509954
697.4466503476
716.5632842064
896.0864526099
736.8927238906
777.9624269276
624.1173833137
684.7737784186
650.2159782036
743.1365434647
444.6900075902
721.1025461458
840.0477708086
892.0100806278
936.0837051247
936.3328847327
612.0298165481
267.6484003738
208.7147873311
691.9784070993
965.2850205048
823.3812310932
414.9616164367
867.3153836625
538.3626741191
829.7852516031
956.4338972444
487.9017422007
805.494516705
701.1803191682
866.2565030946
801.1479142045
705.044424914
795.7497265684
845.5694066029
269.7382163686
931.3708408845
741.1979550682
715.1024570074
722.124422846
757.4681118677
919.24560715
739.8774606273
855.7975780331
840.5085769791
606.1362295488
519.339723452
748.89695861
678.8748937474
589.4629231921
679.8978310301
721.101799185
728.7796126028
742.7960769478
729.3163388684
920.5529524298
646.720727059
740.6316753758
840.72609305
869.8029779314
627.6548760358
596.9049363867
811.7070889918
727.987973306
757.1639864519
643.2863176715
813.7279894997
662.8922461434
943.0271123122
785.8417999926
94
636.0715126064
695.2606717068
684.1518601007
666.2983087829
684.5709062274
251.8242357693
642.9370282732
727.9774991795
964.1021333904
983.5113843195
998.4837440799
183.6452209665
676.3556238683
712.1874631982
602.1961307732
737.9135637074
880.9709125606
654.9073898773
726.6627518646
704.3450731697
598.2913738152
763.793368799
890.1799853911
900.1850858904
928.1417112427
642.0886630389
359.8856216483
809.4124414021
824.4523486843
626.954056272
626.7076000881
762.6366809939
450.9316256014
757.7421939812
771.5217616905
668.5432588469
558.4732484788
813.2042186488
774.3551384
604.0926709728
811.2322025775
315.2809406388
731.7069586901
698.7463550504
58.0482418446
979.1839709919
839.924750279
748.4963831299
429.8190997335
802.3266973219
763.6661961005
1040.5740381945
868.0679370344
837.5454327497
695.9461726991
811.9215534111
812.2246550881
677.6053548541
748.9077509288
606.5794456309
231.5504276147
621.9451435757
735.7166034156
695.9855789266
817.4824383665
218.8008639066
576.2609347904
134.7935450037
774.1926124354
599.1684655281
111.5717588245
745.2438874024
721.2733799465
694.2445861489
643.5489599765
931.0072156589
951.2686302422
272.4770474863
1000.87314266
1019.3790002083
736.4006696815
753.2215548451
638.4893069967
413.696530364
811.5685715934
676.4363242121
693.0314621212
681.0866482672
721.7999966782
830.7728168676
724.0340272006
759.9564876516
219.4972934788
745.5547020508
141.9697452053
741.7208509779
110.5618868535
1157.2374927861
1081.1877653969
359.9179977514
548.0727160051
685.9995119318
426.9082587862
885.7606961434
651.7777559055
220.3726144647
939.3994801147
384.6569599547
439.5871280699
628.8020234559
865.3994785027
729.0635374556
723.5288390593
484.5809584771
736.7496654057
721.6442315146
998.5733669499
727.3903544526
916.2360244074
430.7856633484
241.5561477184
779.8705725266
658.9308154091
682.7284431915
799.3842012629
403.9019954691
25
336.5914167295
938.7712809907
871.6534230943
777.4414898692
862.8925883617
831.4937762398
830.4569552439
306.0901426259
930.9698198047
699.3243007745
770.2179743801
75.8600618211
663.8851024141
659.0235420301
488.1757323285
946.1626036057
681.9285663281
629.9255617845
637.8773419079
716.0734769767
845.8908208681
208
862.3163491213
873.3765315038
581.3138171947
792.9969581837
637.1202061137
600.1610633398
712.3167540885
696.7843060515
643.4008433278
416.5361112965
689.680478825
938.7197604261
760.6696617351
302.8626968651
584.7099187863
863.0734795216
113.0337968877
83
743.7453376244
763.6853493474
448.2760293594
642.4409458217
672.850073655
212.5213624232
601.9870446824
646.4733436759
696.4957137412
748.5001940178
652.0981997528
480.2616994691
831.4932798323
738.2114306462
671.4576709485
800.2588864492
526.0558751036
647.7794030586
867.2545237752
787.7912042466
698.2633239752
215.7040591458
921.8576064356
908.3416636638
837.0047396471
312.6306076832
927.4532407076
882.6478696179
1017.23804965
680.446208809
460.1620367193
904.6230518591
666.6010068749
290.1818036217
648.5976684499
789.4089332794
163.085554966
686.4686970791
945.4456081819
756.0264008149
610.0725912692
864.2554506708
797.3131396629
941.9336115499
715.4468449765
671.7774621883
624.3075094838
585.8815496092
776.6536850633
707.0409715974
922.6264290971
839.2546663035
801.3429863401
945.0622872131
636.3370889799
699.2964655142
625.3773539258
742.6905687694
697.8443452077
787.8254868048
652.640870464
708.8375883463
254.3348659611
151.9467178292
708.4726908675
435.6279079382
719.2185004789
904.0216341413
556.4043051935
665.6295860052
866.9347161239
920.2513166458
344.5250525588
808.1193670409
787.8355980094
502.3163095763
631.5601359681
898.2659643561
825.7933250127
919.100293217
327.8304412044
499.6545569623
606.6380843557
738.2332229869
685.4802872167
751.6616802768
774.232475122
425.4696202947
698.672515876
766.5270009319
710.0991360445
822.795592988
680.3654419643
680.7499578777
367.6701983739
871.8205393993
661.7200256814
845.0651028497
973.4362393139
821.8149793991
253.1355059656
288.2829980368
638.3361609328
814.8774907517
187.0439683303
730.289931926
715.8599498069
568.8130784809
890.9320331418
791.1746234111
970.3931691518
491.3246476574
881.4452734819
688.0326810334
743.6311357022
652.470107203
699.9884188634
706.3974487871
669.5296784302
1086.862469233
752.0641823725
890.6213937053
636.722292987
721.5040723617
677.0957048199
674.5000336849
770.352089751
286.9502873475
162.219961338
553.3321690019
655.8267334873
734.9519368181
890.645142711
816.6714836846
144.1234681633
860.7432241875
672.8348462848
771.2531914202
589.885010867
716.6772708819
629.4346391851
678.1774506398
627.3501028664
714.6674461756
258.135556049
827.7069386708
769.1677418776
258.4088679952
681.5270318268
649.3925889468
607.0933271991
875.3130602071
793.6899695374
756.9932454418
601.7947013913
699.0495413107
933.9119670287
728.4793852624
761.510856282
655.3983543729
810.041687567
668.1954127744
749.8306552457
806.1905505164
819.7548958076
681.8538386677
760.2932000899
978.6584884561
788.4132961776
742.9916458387
764.235629169
730.8073710094
677.4798051832
829.3316922235
142.2690814058
711.0574725096
536.0561903227
694.7962182348
867.4537489791
685.5950105026
603.8635004207
221.6830194478
688.0354949753
595.7004726342
601.533534638
700.7694032591
735.4535972147
1055.7230365661
1073.4004979725
927.5710282124
329.6440373133
802.3375752516
940.4183436574
420.2008547104
141
718.8098508289
751.4988568176
808.4787409715
775.5127986681
323.7727578699
764.2902933103
937.0035460941
950.0641072063
1000.6210514056
629.9351976466
583.9641048621
607.7922298592
432.2379285691
749.8388386471
738.0399685152
238.7071903405
918.4149570439
807.4230584434
1062.4341672583
687.8677184464
642.1528089853
772.189928504
860.559936369
686.4284226481
230.679326447
885.2792376768
885.0281760393
649.9698835858
979.2282411677
985.2172475891
564.970583941
896.7690989605
510.0645581722
674.4549960654
277.2228273037
483.3676771679
941.6255646214
713.5598420151
460.8956802688
767.7169625336
753.8674010808
381.8565485862
758.172621131
878.7352290131
776.2118376782
289.3240970008
144.554737777
1094.932751005
928.4944583863
735.1504923033
395.0813112906
597.5865474113
627.8125550979
834.731218954
556.9997089581
839.8257182963
242
651.4969237741
260.0833091237
528.6674009179
714.7159394248
624.51182343
166.464477648
980.0959558475
649.1655476279
628.5163918137
791.2045103676
697.228445868
722.5961031087
708.3003018984
496.3909628875
712.7546433745
571.629880426
506.4765974308
655.7215698975
267.9341626638
740.8525166789
674.2878447462
653.1869637885
602.301261632
744.0253985249
676.0855593862
704.5526081402
761.7252812811
583.2778869819
195.3043731269
641.149073685
654.5699806988
969.8923497653
712.1887447483
652.3018034934
664.041199469
810.0571366397
686.7282681737
856.5995009298
631.3577838668
750.8586839821
642.8837897562
722.9935180023
836.6134411831
895.2686879281
217.4327437797
725.1100087748
237.0405697619
875.2108280575
503.9824548505
760.0954151413
268.3524273772
910.8035056737
685.9142550796
712.1637200714
677.7648446344
663.127713804
764.9757357516
685.9659641234
800.2191435749
687.8955622398
901.9007377004
795.2252983226
813.2054034447
790.4374913216
620.5902938321
725.3169734785
848.718598043
460.3362795741
834.4461021986
695.5651685038
618.6431388093
399.9441104383
683.505321657
981.3539848573
550.4237513089
937.2175028837
789.6908603923
496.5536543082
153.283938034
278.6882083307
517.5100218308
668.2914610978
649.8808550563
243.4865946533
934.0979211835
679.4360623474
639.7752185033
465.2937975647
683.3189954074
709.1493671828
746.8546829561
630.969964463
759.5616791475
293.5426696105
300.7872259792
840.5784069795
854.0591390079
843.1481046198
824.792893258
397.8608106445
760.0996029515
714.0383076684
690.8273033652
664.2845917321
752.1081372121
758.8968961121
715.0941754781
703.6511844399
630.1002313717
686.3137966551
771.4386871539
849.1220691347
969.9749622299
857.0641351178
669.4983827489
641.5423078801
641.697325988
783.4947082551
546.368593897
337.5166330114
713.1664913182
864.5975628891
773.4250119249
701.187374417
676.7024777386
735.5536606737
910.4216885843
207.6932881543
606.6513265016
1003.8388124261
905.3951535623
832.9642294334
864.7489058464
746.4783556251
669.8421096207
803.059057566
747.0146887438
688.1777623566
632.7577710028
238.1786996856
611.5557951859
911.4025023022
766.7090279711
622.8809900931
817.7925369983
592.7529097298
889.1154270253
721.9425970299
472.0792467175
695.0373449414
627.1264287121
807.4648538682
265.4795257063
125
618.6648402845
965.7988552544
669.0606898069
722.0942659916
599.9538924364
866.4888860118
841.1321564861
602.2257425177
677.4493168538
604.4027962272
225.0384905253
196.7802018369
707.1567664054
948.6926162855
633.2706785917
657.8435522233
718.2105782158
774.9742080732
884.0216648425
617.6538995316
668.0091269445
166.677733361
752.1049776255
193.8696288479
711.6268434134
713.6799904811
239.0401361665
155
929.7692545484
731.4318817557
793.0746867955
585.7148823779
705.8586398023
706.0139910472
632.5258386381
704.791317017
878.3212781165
228.8855511136
654.6187447215
665.2164186248
781.1959053788
548.0727209131
918.3079942104
933.1900396291
577.6540945476
745.0306406442
513.2054092024
692.3382263186
826.2067338504
990.8565747685
671.7023699535
663.217842724
558.5204552849
1024.1545206943
541.7306609724
748.7229378246
225.210370639
688.6563622242
968.8074197089
685.5546823458
525.1961916734
732.0170707413
502.4895408298
909.5480092739
862.9955070937
721.7857616047
745.3010556331
782.2762603976
827.4366948855
515.778718714
1002.7249439317
1028.1845262832
861.8936392411
767.7900604064
316.1971592509
767.1157411096
770.895770372
921.9871692808
712.3953043445
823.7314487015
852.8688980153
282.270306808
140.0841106905
710.9380854233
690.4012057678
742.2129559613
680.0279868258
729.6646007623
616.792074055
785.0716907575
812.8806901421
256.5173727884
811.951705052
127.2
785.5119241428
762.0456116222
717.1892499533
627.7302308503
804.8907782509
1020.4094030223
701.9235275277
806.8548097743
659.6409507351
914.144043661
684.5057411765
899.8188475912
779.8273694663
638.614144367
255.3846744566
899.1798187835
981.77796262
116
670.4181658707
858.0442083362
623.626932842
268.5595562585
734.3947604308
793.1443992041
213.5561367418
612.1925567495
215.333581429
969.7048203225
710.1654943582
667.384266655
707.7216023964
814.7034519152
873.5454454242
766.9195921924
741.2462594255
780.3622065783
963.1075048539
225.4359432581
858.2953884487
857.1897448491
660.0611302085
780.7047627037
886.4761137624
916.2511328133
648.3170088444
815.924161185
745.9336582727
684.0922338838
680.0171038933
252.9364006887
728.0559889364
673.9943840626
318.7102025837
750.8114595813
803.5684458747
454.0955804772
977.0723970556
857.9933802302
662.2994472873
640.0993125119
166.2458418092
752.3625306007
747.8707484878
696.6325272338
705.1368383421
546.4157666069
800.0038991334
625.7466345504
787.6229307295
668.7403893939
884.0838544178
502.4070746945
706.8002495129
509.0648238347
792.9546382298
612.0215842494
360.9068318283
500.608355967
637.5615400991
683.370633676
371.1433021742
862.4759151344
640.1421469226
848.6996172183
897.2628398605
648.1178721474
221.6819553817
285.6997683618
245.8480036002
776.2324482282
651.6659453601
627.8335030318
664.5090718654
246.3066972025
673.3429323209
726.7511178485
671.7714045171
1009.8762618344
606.5803895808
697.5679394626
698.7129726505
777.4065505004
690.8056586115
725.0302575852
715.8669381622
528.4225274285
298.1531814708
644.6655270567
236.7269237361
662.4588863806
767.244952906
605.4283706305
1140.0938524413
902.3698512021
706.3609492072
716.9605609667
778.3844758039
743.9317296726
643.4545296425
694.6197669893
272.7969945463
1002.612025826
658.0737485321
754.9738533997
788.6463795735
684.185059991
180.1710320886
661.0100840772
672.1529551993
597.8177852646
751.0299651711
501.5098854671
869.897709169
709.9006674482
703.0199738124
750.612155212
440.7413142983
931.4586480284
730.018123196
781.7289073154
715.9865287687
702.6805946202
236.6124337168
676.4499238554
708.6207546612
676.5708213876
646.6925505365
490.9292983858
604.4255310796
744.1445183345
677.8321070132
682.3212502391
862.7030669033
784.0119734052
683.4200531224
961.1487314221
715.3252654434
942.1053058541
790.9678640398
614.0172426183
845.8931427171
699.8233132411
921.6350674233
687.0254968314
613.2660424394
635.5789160929
652.7040441146
744.6289904904
706.4111261152
718.110496761
731.9122318375
817.5668252757
693.2452058666
903.3475802385
644.2363004503
724.313276753
863.1489556525
695.4318407671
147.0207441067
366.3395969809
731.0349726448
218.4122939958
428.5883426867
749.9346510537
685.3068652079
606.6284261677
666.240668016
701.2757008841
1007.5621719558
630.7724323221
879.8045212826
644.1868794433
693.0721385833
745.3515961765
919.6894141727
900.6883584864
660.7314573321
467.4998399504
835.7862301943
450.6438169283
703.121180246
774.5590403093
652.3615080607
837.0542019794
710.3628200033
487.44528669
303.4474154832
861.6405310042
459.5222513952
936.0891646008
666.7166048609
800.7542910436
693.6468434805
755.8001448397
295.2705185012
870.0761239543
758.2285721269
636.4536272851
819.0835241802
710.5680928376
397.994862998
645.8921202724
613.8446155332
899.009274215
825.8353346619
1002.5737478028
601.937258718
751.7407996638
667.5349685039
204.7873612296
955.0128288962
756.1145565225
737.1280452492
143.7053066128
505.3742610541
610.2777992982
919.7865255914
685.1353226159
456.1132314144
881.2159086409
844.549864416
731.1548703744
291.8927540925
247.7797207989
754.3130813383
684.9818771187
633.4980681025
772.367324004
786.5025928581
767.3818335184
698.9752732024
761.9545626779
252.1771966435
738.6681479099
885.3821805487
996.6266970261
185.1582991277
718.1350452517
895.6112032351
684.0302421446
402.8987601231
716.3789614119
732.9514147525
306.2679303224
779.469911115
995.1956049625
706.4955971768
751.3454164245
766.6242676219
229.8961773024
909.3856705787
736.3490423135
677.286341061
627.3739276915
684.142844381
660.4423618408
617.7531150666
708.1590145561
751.3951374782
831.066666591
260.2363850805
696.3538653398
617.894015011
491.6264512785
840.6139935845
560.6186465493
240.9840847558
644.3207305822
821.3569132269
759.8482626426
718.3982009478
641.72461657
871.7773117148
755.850827167
1308.8743627295
550.111974229
660.4290809637
637.773033754
621.0795318376
721.45606243
862.742764644
870.8204138713
831.3074961794
709.3532264439
606.9956236067
838.4897213854
738.5501899483
766.732230017
770.4079379517
725.5245394903
784.339836538
679.2700902841
937.9437481873
345.0106866514
843.0429166655
820.3358297601
1001.2710606487
177.390898799
811.5171314277
686.755142132
666.0286463379
588.3790379737
789.5374813532
255.7185542994
814.8104448609
611.4282662968
649.1484286731
314.7717066032
651.2917852504
811.800610511
153.6577755094
814.4609570093
867.3583979427
804.4629687602
814.2747501578
1017.9083888452
689.977592979
667.9737286566
732.546182567
883.1977873515
154.6950095819
690.3217356674
540.6843060539
814.0952320389
794.7739444607
572.5473757282
190.3142157342
689.2990714326
403.3367198605
182
845.5810426811
665.1815455461
591.1164135824
875.2854755927
648.779154341
669.4403719232
562.0366790016
694.8042106973
642.3256202407
638.4870136151
824.0957127865
892.5443207699
625.8490523944
612.8035226593
811.694467581
810.064876445
802.5262489102
674.5821334934
596.8200094714
717.4073989311
726.5775187339
615.9288667027
900.5625265415
743.2416326205
661.0238952492
834.5896262182
746.9597245809
694.4651568846
306.2643778059
210.3058014378
705.3612955385
701.9881986692
835.4223351664
668.3075802769
896.3107080118
595.3461658861
462.1321342802
651.8800083377
708.0253067486
686.5410804809
776.0635656607
673.1340085978
925.7845983848
649.3460787285
673.8038746216
645.2413002061
909.7892360738
758.727157257
860.4529783927
672.7265667727
158.8377606435
724.2477553557
642.5306675761
846.1399224783
370.5216079549
995.8102858087
941.5869990608
620.0634103611
608.8779829471
642.1290751856
717.1956170263
873.262420491
740.9343889474
737.2281140527
881.1222095911
901.6718719385
781.2625352822
897.4900572496
807.766281536
918.2519003366
722.5617979686
745.4848486227
310.0920825676
669.3996143045
820.4619966226
977.6363784328
814.4843971996
831.7425024903
759.3922569999
890.1021520692
703.6575882629
885.2134745801
682.9465200514
842.8892403951
486.2345461515
254.0094630449
812.2539237319
830.7713698667
760.4174971798
806.1981690255
822.5036045319
696.4764949928
565.8243254693
598.6082178194
548.6927357354
682.1341706234
675.9015993076
568.703263777
621.509818303
694.0354432928
199.5700526078
760.1373929691
617.1820329614
633.9742228037
706.5832835621
173.2461081513
213.4457516067
787.7175531785
608.3923532166
585.6474718652
653.0933082877
725.5180149456
589.4198836094
627.0320198397
589.2176080799
676.4797672886
706.4211628656
732.818551058
870.1081274888
670.1269303707
384.1578769843
798.8595086967
836.4095504319
485.0123721172
612.6863574292
803.41714788
411.1591477904
869.4572982222
762.9634792568
502.1077307957
925.0892170261
918.6078233668
800.9068254459
664.6794640052
993.6054927819
447.7773570793
872.8553071386
569.0909987183
702.584052237
632.9193129001
756.3588155454
865.3730095887
924.2971403067
261.2705922128
853.1007651414
914.3514007075
677.418076937
251.8587871751
655.6841373618
773.8940209519
516.0856487029
779.7404542228
969.769458918
629.3066577415
228.4978340011
781.3275435403
635.7090948821
817.3366356227
744.7825619219
462.958845772
718.6407262925
796.1243495829
706.8150234921
283.3636695041
680.8166987372
855.1273316587
875.0718918082
700.696304414
667.6170258365
760.3333020403
606.5932144666
645.2547811283
263.94405991
928.7348107729
952.7976608253
969.0756286888
672.3805185866
544.1776607392
821.1537289629
882.7481509591
401.2811329368
788.433826428
642.0428138499
704.2148486697
703.8961369787
638.4149520461
677.131710139
684.0639483158
157.8152911499
671.4582906467
881.4871775637
580.0859060359
685.3638294293
852.4349456801
889.7409537085
639.2946962456
872.939532853
545.7670347992
600.6347982945
599.4639002535
214.1163156398
581.4254516902
817.2031616472
500.369408428
493.8567923251
786.0198519052
476.9539516421
687.7366177391
666.6989586594
644.9386898009
689.5872796223
743.2940171107
804.7747450177
224.7775723027
878.5310406815
614.976545664
810.5966530928
666.2510410707
814.2726698882
295.9327837181
605.2363986796
672.1001660368
417.7614445762
413.7021218834
318.3428235748
817.8273017683
682.4939277172
682.5794111093
686.6476094611
691.5058877114
720.8595286447
752.6595018097
118
777.0291470439
735.8432255333
691.0603940266
702.2622301969
739.1986121075
650.1293465392
750.1457132424
775.407167257
696.7311603498
903.9335818484
666.6931193937
768.4133061232
847.1619071688
684.7593928935
675.0632932623
662.5607905734
686.8913600452
661.8444170479
682.3444130395
538.9088543735
866.7289326162
673.9291561221
589.8288149002
699.3335191328
806.6133940736
897.1791294097
399.194899803
687.3808397323
619.848297826
970.3349936688
616.7597358471
253.8685136172
905.9619013979
894.2664424944
451.817534124
731.1560377716
733.0308512679
710.6322996961
622.4189154923
758.0009435244
498.2433175675
759.6856703623
342.0308595718
808.4949500667
702.8400849937
184
680.2453466967
665.1645710446
605.1262541379
632.2420360334
474.5884820394
786.6309837469
578.5407339148
574.7360385668
732.5935879201
865.2993764551
1025.419433091
812.9643831149
344.0946502458
815.4266958336
169.9142663539
505.6380452347
341.372622947
832.8127439007
850.8835854862
665.7207837064
681.3224789423
762.2861079831
725.9575181276
252.2352214011
611.4759221446
700.4467399636
814.3056386655
857.5107463064
662.2035275524
712.0468246009
746.3138280486
1088.5221373965
1103.9482037253
971.169219786
826.8099031628
726.0142246913
739.1681097278
746.9027156019
839.2887000845
743.3209248762
783.0082400719
618.5701827697
627.7852941246
679.129099396
711.9084599166
686.7752755478
631.23404577
833.6503892351
678.4158770944
1003.3911659874
1056.5929257165
694.7700807331
186.2609087583
837.5811544072
703.0492014247
633.9297430319
786.0033328618
852.8096385103
767.9468925691
256.9702689414
362.3338537993
684.8927766015
727.4912834825
700.6363831186
917.1169049105
885.3467431157
779.4236276915
751.4067872259
676.2741121176
155.8941212505
633.9470325817
224.3926220716
842.8554733251
975.5648042577
798.0919327283
647.7812379055
417.9658336204
686.4246127737
701.0894287192
774.6532146455
708.0178108317
653.6467550294
359.8170370327
689.5974944339
723.630972679
628.1453410853
987.0359923446
592.9639938455
818.6053281095
353.2251751161
960.5851188154
846.0165912925
376.4526378095
675.7200991305
820.0151725997
687.2768589495
944.4704993097
681.0478106067
568.0339033936
656.1430645855
212.9052479403
732.1932107762
361.9717321151
810.7925413442
690.6021562908
630.3601074977
803.6545725945
486.9222408223
684.7036511514
875.1766149931
955.4060821009
571.607883244
518.6002474723
690.6148488786
757.9651565534
785.9133201379
734.3716387103
839.1402316298
673.2354903633
696.4599582648
596.5083209519
765.8070914654
737.8052750585
807.4817602147
754.4249075569
1129.715606272
575.4317313233
831.8053265617
847.7519135882
860.1977989656
879.8899787196
855.8561583296
846.2457230191
837.9012013057
744.3157843605
721.8301251253
914.4663950954
648.1804264942
218.1868520102
1009.7381027054
654.5604206547
948.0112345423
866.62204053
127.6142950122
688.5680118064
828.6075994576
734.2346636038
741.2842355156
824.4817343716
234
526.4416977267
227.6100217307
726.1586486312
729.2985068639
915.766836325
721.5968439729
713.4768263878
737.7805862379
648.6958850079
359.5417950663
844.2944923868
716.1250465858
850.3591697485
776.9672534766
691.0564476383
722.0757279387
453.8521680973
915.8629633572
480.6712292987
640.3413687902
590.1978011597
659.3115725354
684.7476905831
291.7385891368
392.3442617377
684.973966244
659.0560765769
759.8215903892
827.7169160563
687.1200300192
598.3848334946
691.9391660737
989.8900152955
1010.0405351483
548.4489229373
852.1369947033
759.4308048219
854.3029145168
597.2404636296
682.8155507156
632.2363152374
859.9086973083
284.6213781184
348.0977657199
789.4746062862
812.4397419983
751.1919230078
536.2214304006
171.6869991128
628.4446545357
124.2365580069
629.5861348201
537.6754227603
829.3145916499
655.3329670056
771.4352223622
829.2209323754
835.933096774
234.3316706198
680.0426817961
487.7441079689
630.0026512418
852.9527588611
593.1827551825
737.2436171334
717.8452625186
867.484178584
333.4387153605
703.1409973115
653.0422733669
1022.4421753205
895.6335637763
787.0990932052
811.973825127
719.543841114
776.3587240355
762.2587171642
727.4882649085
855.433288738
706.0460693651
893.4270917456
698.8785425516
870.996668331
835.78302466
664.1095370844
910.1708449488
318.0774561746
945.6341318656
731.9301063252
663.7244172996
627.6751419511
794.4275546459
152
616.8903409577
525.6478406943
707.3591622233
639.5117391525
723.1208777944
767.7284696253
674.024703633
754.1893343547
615.8691655872
947.962608688
625.5743137263
266.7781046906
786.2920653578
837.0947875924
656.227047267
780.6368732092
687.679289199
292.3336232517
641.9768604173
687.2404895282
996.6674905785
899.1057108805
345.5995396974
922.0067505393
366.7435885869
612.8228379293
713.1562355828
958.7499924561
732.3847329549
873.5573556932
884.5186216014
679.948412197
860.5176696372
902.3255041503
749.3325618032
820.4247712097
669.8959910837
443.2127895259
521.0667738146
369.9218040702
648.0126657823
709.7169433043
691.1217198367
735.8270440405
361.7535902047
868.0629813243
565.3605126456
715.2859992924
980.4583911809
695.376003063
943.0827437158
753.5509681334
244.8914883089
796.4671335753
878.2386841253
742.1229096336
779.9596107101
650.2856176129
799.859706647
652.1393355856
706.2330573374
709.1790356421
861.6846618717
789.1453928528
634.787702421
884.7299773047
960.6270065029
648.5327479579
874.8616431273
838.4027162626
763.160197249
739.5156889505
849.969757061
945.2598032811
796.8590323388
748.8472605471
362.0803620447
966.3938711657
188.5320355286
387.9760663732
594.6110988399
290.6965480686
724.8878266942
736.6733581941
653.656534141
586.5218801481
739.131923171
684.6518628865
518.4752284138
675.0596022061
614.3296220734
718.0247841599
195.6056871671
185.4682164219
600.7816614499
844.7839221075
719.5176653266
744.1314247508
723.339788855
382.3623346799
1040.7612045035
132
736.0486734672
1046.8277788622
643.0861482227
800.4236406961
212.6913955796
645.66908121
573.3119796225
126.7296440436
599.3586918886
833.0460578672
403.0068501219
928.9297425728
836.3026106968
686.5532362695
828.7689798882
490.2700054733
572.084341918
339.3814526532
424.3759041483
769.2197899713
476.339709939
511.6487673284
624.4321856384
353.0684070602
922.4946859071
203.2042395459
676.4064937072
748.2511713911
765.2429974818
711.356861175
608.7592692694
684.4227193798
820.7174184881
388.8260389877
483.9373761599
166.6883080222
706.6141593091
889.544638161
824.3006934547
776.7817593197
655.7445619468
643.9643086805
813.8719828379
676.190367957
890.2794751208
646.2807334396
783.7394955524
715.6808307363
698.2338280949
629.1863724425
662.7228643824
950.3568648452
264.2583067874
682.3785181298
673.2385013676
376.014235138
640.565836898
1035.5544186423
729.1555615632
628.9536965972
739.7497152789
260.0747619265
648.0821009567
661.1091800543
702.5972243523
156.2371063596
853.2323459815
216.6226258114
753.5452461529
447.9878888229
838.8308802508
636.6164273904
690.7245717193
136.436143382
793.3509497032
751.0475257459
840.9907207899
552.9299066077
788.4605986435
596.4872516481
586.1590827625
227
805.9019661571
193.3874797019
837.5126350378
735.3713865722
404.3534439008
889.2504281038
667.8922187399
674.6955627605
447.0479170035
727.5373674875
600.4467039638
847.7857319794
350.1488889249
855.6664200422
251.4924354284
635.3742599358
190.9885188071
705.2185687155
787.3572448514
517.6317417172
199.4709006932
645.1665401002
669.7086014595
901.9758553497
408.8138061584
705.8923788745
657.1150251884
258.2510680977
704.7539361732
731.2340604731
245.2743762287
754.1808774951
669.8328794236
638.3306007062
113
687.2461645229
739.7290712961
767.9676965509
705.9386235846
659.1972657132
245.7882635286
848.5858361644
686.1223764122
265.572766737
211.0768125468
881.8115546651
658.2837009961
609.1033283365
1032.6606645633
805.5014517377
735.3359845426
534.5268534228
219.75084268
885.9645246876
744.3698727106
909.4296405703
949.3237170583
773.8058139024
469.3984057113
723.1339930096
142.4699890818
821.4276897565
692.1569285991
726.3777996899
335.6343301421
748.8758653358
732.9883170432
664.22163921
239.3956243932
816.6823664462
742.6921918283
656.6219026219
886.3205911892
293.0748739182
726.8468476249
300.3823269836
859.1720714585
505.5100836417
643.3122198823
969.1482147902
661.6566943776
711.1142907777
578.0894730457
498.3196873936
784.8088286099
639.9027191001
765.735330403
746.8064133135
748.4482540342
892.5265345152
444.9093230334
241.4546488145
622.8784012045
553.3033180053
687.5277714424
655.3954474406
919.6166009376
699.2411183486
887.439845945
627.3170776948
673.9468646117
613.7210506999
720.6324466325
620.6016579096
726.9986571987
679.636271117
409.2670828556
502.7059568558
872.3203394389
708.3903613682
724.5139234565
672.9661459908
706.348776561
627.2996678812
730.1539854355
664.4335154447
798.5957324209
821.5946933704
978.7203934621
842.0497157838
209.8630525275
834.4249577797
929.0611644635
836.022309035
645.1964488981
651.4744722678
612.0694020847
670.3771016932
718.7289448356
826.5227885203
564.5141440662
741.9518731449
708.8468750056
852.687498035
713.6530500918
790.359937524
690.3712401695
416.6269796758
660.9143511055
816.5664376328
513.5113227085
896.6438233511
548.8229533539
717.4102524227
164
788.5204920945
695.1671748813
620.4241122846
679.0899522306
697.0014854962
413.2051818991
306.7545032088
661.6957797324
758.8993805829
800.9421826433
725.2245857867
509.9697348989
709.649954604
655.9315617881
276.2938875101
1002.8853576399
216.0645807
821.1883949995
679.3351774898
670.1364325082
476.8692734484
673.688494998
777.703260011
686.4348501231
700.7000568661
666.6246163381
706.7120901297
598.3451302672
273.3746410153
764.5488819495
180.7240823902
701.524378543
737.8745874181
717.5264555773
550.8960633659
844.8177339762
957.921789537
173.5067823096
490.1590445476
932.8432466055
755.8205895537
875.7886186014
191.1654958955
477.4525464091
760.0795115496
311.5265143329
802.3023526444
693.2680760129
877.2538937027
684.4670380197
481.594630025
828.3065890094
311.2855777121
553.3447720184
575.3767868581
688.8498735679
682.0020836686
476.7050851573
293.4926166304
897.6630376125
369.4501532612
126
614.7428740141
554.9095043849
186.6008480679
810.2940837625
979.0762887533
304.0630428884
671.651258889
444.0315606093
375.0816029636
680.7536666596
746.8143268827
735.6983204613
480.758991684
155.5456817843
801.1017775965
743.2011080974
690.033075012
557.7943713677
644.5147517186
737.8507401523
963.067389565
349.4385241448
405.3148965911
700.7505182716
186.0402980782
